Linux 6.17.0-19-generic (ale-VM) 	15/03/2026 	_x86_64_	(16 CPU)

10:56:47      UID       PID    %usr %system  %guest   %wait    %CPU   CPU  Command
10:56:48     1000      8145    0,00    0,00    0,00    0,00    0,00     0  tester_getpid
10:56:49     1000      8145    0,00    0,00    0,00    0,00    0,00     0  tester_getpid
10:56:50     1000      8145    0,00    0,00    0,00    0,00    0,00     0  tester_getpid
10:56:51     1000      8145    0,00    0,00    0,00    0,00    0,00     0  tester_getpid
10:56:52     1000      8145    0,00    0,00    0,00    0,00    0,00     0  tester_getpid
10:56:53     1000      8145    0,00    0,00    0,00    0,00    0,00     0  tester_getpid
10:56:54     1000      8145    0,00    0,00    0,00    0,00    0,00     0  tester_getpid
10:56:55     1000      8145    0,00    0,00    0,00    0,00    0,00     0  tester_getpid
10:56:56     1000      8145    0,00    0,00    0,00    0,00    0,00     0  tester_getpid
10:56:57     1000      8145    0,00    0,00    0,00    0,00    0,00     0  tester_getpid
Media:       1000      8145    0,00    0,00    0,00    0,00    0,00     -  tester_getpid
