Linux 6.17.0-19-generic (ale-VM) 	15/03/2026 	_x86_64_	(16 CPU)

10:23:34      UID       PID    %usr %system  %guest   %wait    %CPU   CPU  Command
10:23:35     1000      6918    0,00    0,00    0,00    0,00    0,00     3  tester_getpid
10:23:35     1000      6919    0,00    0,00    0,00    0,00    0,00     0  tester_getpid
10:23:35     1000      6920    0,00    0,00    0,00    0,00    0,00     6  tester_getpid
10:23:35     1000      6921    0,00    0,00    0,00    0,00    0,00    10  tester_getpid
10:23:35     1000      6922    0,00    0,00    0,00    0,00    0,00     7  tester_getpid
10:23:35     1000      6923    0,00    0,00    0,00    0,00    0,00    15  tester_getpid
10:23:35     1000      6924    0,00    0,00    0,00    0,00    0,00     8  tester_getpid
10:23:35     1000      6925    0,00    0,00    0,00    0,00    0,00     9  tester_getpid
10:23:35     1000      6926    0,00    0,00    0,00    0,00    0,00     0  tester_getpid
10:23:35     1000      6927    0,00    0,00    0,00    0,00    0,00    12  tester_getpid
10:23:35     1000      6928    0,00    0,00    0,00    0,00    0,00    13  tester_getpid
10:23:35     1000      6929    0,00    0,00    0,00    0,00    0,00     3  tester_getpid
10:23:35     1000      6930    0,00    0,00    0,00    0,00    0,00    15  tester_getpid
10:23:35     1000      6931    0,00    0,00    0,00    0,00    0,00     9  tester_getpid
10:23:35     1000      6932    0,00    0,00    0,00    0,00    0,00     6  tester_getpid
10:23:35     1000      6933    0,00    0,00    0,00    0,00    0,00    12  tester_getpid
10:23:35     1000      6935    0,00    0,00    0,00    0,00    0,00    15  tester_getpid
10:23:35     1000      6936    0,00    0,00    0,00    0,00    0,00     5  tester_getpid
10:23:35     1000      6937    0,00    0,00    0,00    0,00    0,00    15  tester_getpid
10:23:35     1000      6938    0,00    0,00    0,00    0,00    0,00     6  tester_getpid
10:23:35     1000      6939    0,00    0,00    0,00    0,00    0,00    10  tester_getpid
10:23:35     1000      6940    0,00    0,00    0,00    0,00    0,00     0  tester_getpid
10:23:35     1000      6941    0,00    0,00    0,00    0,00    0,00     8  tester_getpid
10:23:35     1000      6942    0,00    0,00    0,00    0,00    0,00    15  tester_getpid
10:23:35     1000      6943    0,00    0,00    0,00    0,00    0,00     6  tester_getpid
10:23:35     1000      6944    0,00    0,00    0,00    0,00    0,00     4  tester_getpid
10:23:35     1000      6945    0,00    0,00    0,00    0,00    0,00     1  tester_getpid
10:23:35     1000      6946    0,00    0,00    0,00    0,00    0,00    12  tester_getpid
10:23:35     1000      6947    0,00    0,00    0,00    0,00    0,00    13  tester_getpid
10:23:35     1000      6948    0,00    0,00    0,00    0,00    0,00     9  tester_getpid
10:23:35     1000      6949    0,00    0,00    0,00    0,00    0,00     4  tester_getpid
10:23:35     1000      6950    0,00    0,00    0,00    0,00    0,00    14  tester_getpid

10:23:35      UID       PID    %usr %system  %guest   %wait    %CPU   CPU  Command
10:23:36     1000      6918    0,00    0,00    0,00    0,00    0,00     3  tester_getpid
10:23:36     1000      6919    0,00    0,00    0,00    0,00    0,00     0  tester_getpid
10:23:36     1000      6920    0,00    0,00    0,00    0,00    0,00     6  tester_getpid
10:23:36     1000      6921    0,00    0,00    0,00    0,00    0,00    10  tester_getpid
10:23:36     1000      6922    0,00    0,00    0,00    0,00    0,00     7  tester_getpid
10:23:36     1000      6923    0,00    0,00    0,00    0,00    0,00    15  tester_getpid
10:23:36     1000      6924    0,00    0,00    0,00    0,00    0,00     8  tester_getpid
10:23:36     1000      6925    0,00    0,00    0,00    0,00    0,00     9  tester_getpid
10:23:36     1000      6926    0,00    0,00    0,00    0,00    0,00     0  tester_getpid
10:23:36     1000      6927    0,00    0,00    0,00    0,00    0,00    12  tester_getpid
10:23:36     1000      6928    0,00    0,00    0,00    0,00    0,00    13  tester_getpid
10:23:36     1000      6929    0,00    0,00    0,00    0,00    0,00     3  tester_getpid
10:23:36     1000      6930    0,00    0,00    0,00    0,00    0,00    15  tester_getpid
10:23:36     1000      6931    0,00    0,00    0,00    0,00    0,00     9  tester_getpid
10:23:36     1000      6932    0,00    0,00    0,00    0,00    0,00     6  tester_getpid
10:23:36     1000      6933    0,00    0,00    0,00    0,00    0,00    12  tester_getpid
10:23:36     1000      6935    0,00    0,00    0,00    0,00    0,00    15  tester_getpid
10:23:36     1000      6936    0,00    0,00    0,00    0,00    0,00     5  tester_getpid
10:23:36     1000      6937    0,00    0,00    0,00    0,00    0,00    15  tester_getpid
10:23:36     1000      6938    0,00    0,00    0,00    0,00    0,00     6  tester_getpid
10:23:36     1000      6939    0,00    0,00    0,00    0,00    0,00    10  tester_getpid
10:23:36     1000      6940    0,00    0,00    0,00    0,00    0,00     0  tester_getpid
10:23:36     1000      6941    0,00    0,00    0,00    0,00    0,00     8  tester_getpid
10:23:36     1000      6942    0,00    0,00    0,00    0,00    0,00    15  tester_getpid
10:23:36     1000      6943    0,00    0,00    0,00    0,00    0,00     6  tester_getpid
10:23:36     1000      6944    0,00    0,00    0,00    0,00    0,00     4  tester_getpid
10:23:36     1000      6945    0,00    0,00    0,00    0,00    0,00     1  tester_getpid
10:23:36     1000      6946    0,00    0,00    0,00    0,00    0,00    12  tester_getpid
10:23:36     1000      6947    0,00    0,00    0,00    0,00    0,00    13  tester_getpid
10:23:36     1000      6948    0,00    0,00    0,00    0,00    0,00     9  tester_getpid
10:23:36     1000      6949    0,00    0,00    0,00    0,00    0,00     4  tester_getpid
10:23:36     1000      6950    0,00    0,00    0,00    0,00    0,00    14  tester_getpid

10:23:36      UID       PID    %usr %system  %guest   %wait    %CPU   CPU  Command
10:23:37     1000      6918    0,00    0,00    0,00    0,00    0,00     3  tester_getpid
10:23:37     1000      6919    0,00    0,00    0,00    0,00    0,00     0  tester_getpid
10:23:37     1000      6920    0,00    0,00    0,00    0,00    0,00     6  tester_getpid
10:23:37     1000      6921    0,00    0,00    0,00    0,00    0,00    10  tester_getpid
10:23:37     1000      6922    0,00    0,00    0,00    0,00    0,00     7  tester_getpid
10:23:37     1000      6923    0,00    0,00    0,00    0,00    0,00    15  tester_getpid
10:23:37     1000      6924    0,00    0,00    0,00    0,00    0,00     8  tester_getpid
10:23:37     1000      6925    0,00    0,00    0,00    0,00    0,00     9  tester_getpid
10:23:37     1000      6926    0,00    0,00    0,00    0,00    0,00     0  tester_getpid
10:23:37     1000      6927    0,00    0,00    0,00    0,00    0,00    12  tester_getpid
10:23:37     1000      6928    0,00    0,00    0,00    0,00    0,00    13  tester_getpid
10:23:37     1000      6929    0,00    0,00    0,00    0,00    0,00     3  tester_getpid
10:23:37     1000      6930    0,00    0,00    0,00    0,00    0,00    15  tester_getpid
10:23:37     1000      6931    0,00    0,00    0,00    0,00    0,00     9  tester_getpid
10:23:37     1000      6932    0,00    0,00    0,00    0,00    0,00     6  tester_getpid
10:23:37     1000      6933    0,00    0,00    0,00    0,00    0,00    12  tester_getpid
10:23:37     1000      6935    0,00    0,00    0,00    0,00    0,00    15  tester_getpid
10:23:37     1000      6936    0,00    0,00    0,00    0,00    0,00     5  tester_getpid
10:23:37     1000      6937    0,00    0,00    0,00    0,00    0,00    15  tester_getpid
10:23:37     1000      6938    0,00    0,00    0,00    0,00    0,00     6  tester_getpid
10:23:37     1000      6939    0,00    0,00    0,00    0,00    0,00    10  tester_getpid
10:23:37     1000      6940    0,00    0,00    0,00    0,00    0,00     0  tester_getpid
10:23:37     1000      6941    0,00    0,00    0,00    0,00    0,00     8  tester_getpid
10:23:37     1000      6942    0,00    0,00    0,00    0,00    0,00    15  tester_getpid
10:23:37     1000      6943    0,00    0,00    0,00    0,00    0,00     6  tester_getpid
10:23:37     1000      6944    0,00    0,00    0,00    0,00    0,00     4  tester_getpid
10:23:37     1000      6945    0,00    0,00    0,00    0,00    0,00     1  tester_getpid
10:23:37     1000      6946    0,00    0,00    0,00    0,00    0,00    12  tester_getpid
10:23:37     1000      6947    0,00    0,00    0,00    0,00    0,00    13  tester_getpid
10:23:37     1000      6948    0,00    0,00    0,00    0,00    0,00     9  tester_getpid
10:23:37     1000      6949    0,00    0,00    0,00    0,00    0,00     4  tester_getpid
10:23:37     1000      6950    0,00    0,00    0,00    0,00    0,00    14  tester_getpid

10:23:37      UID       PID    %usr %system  %guest   %wait    %CPU   CPU  Command
10:23:38     1000      6918    0,00    0,00    0,00    0,00    0,00     3  tester_getpid
10:23:38     1000      6919    0,00    0,00    0,00    0,00    0,00     0  tester_getpid
10:23:38     1000      6920    0,00    0,00    0,00    0,00    0,00     6  tester_getpid
10:23:38     1000      6921    0,00    0,00    0,00    0,00    0,00    10  tester_getpid
10:23:38     1000      6922    0,00    0,00    0,00    0,00    0,00     7  tester_getpid
10:23:38     1000      6923    0,00    0,00    0,00    0,00    0,00    15  tester_getpid
10:23:38     1000      6924    0,00    0,00    0,00    0,00    0,00     8  tester_getpid
10:23:38     1000      6925    0,00    0,00    0,00    0,00    0,00     9  tester_getpid
10:23:38     1000      6926    0,00    0,00    0,00    0,00    0,00     0  tester_getpid
10:23:38     1000      6927    0,00    0,00    0,00    0,00    0,00    12  tester_getpid
10:23:38     1000      6928    0,00    0,00    0,00    0,00    0,00    13  tester_getpid
10:23:38     1000      6929    0,00    0,00    0,00    0,00    0,00     3  tester_getpid
10:23:38     1000      6930    0,00    0,00    0,00    0,00    0,00    15  tester_getpid
10:23:38     1000      6931    0,00    0,00    0,00    0,00    0,00     9  tester_getpid
10:23:38     1000      6932    0,00    0,00    0,00    0,00    0,00     6  tester_getpid
10:23:38     1000      6933    0,00    0,00    0,00    0,00    0,00    12  tester_getpid
10:23:38     1000      6935    0,00    0,00    0,00    0,00    0,00    15  tester_getpid
10:23:38     1000      6936    0,00    0,00    0,00    0,00    0,00     5  tester_getpid
10:23:38     1000      6937    0,00    0,00    0,00    0,00    0,00    15  tester_getpid
10:23:38     1000      6938    0,00    0,00    0,00    0,00    0,00     6  tester_getpid
10:23:38     1000      6939    0,00    0,00    0,00    0,00    0,00    10  tester_getpid
10:23:38     1000      6940    0,00    0,00    0,00    0,00    0,00     0  tester_getpid
10:23:38     1000      6941    0,00    0,00    0,00    0,00    0,00     8  tester_getpid
10:23:38     1000      6942    0,00    0,00    0,00    0,00    0,00    15  tester_getpid
10:23:38     1000      6943    0,00    0,00    0,00    0,00    0,00     6  tester_getpid
10:23:38     1000      6944    0,00    0,00    0,00    0,00    0,00     4  tester_getpid
10:23:38     1000      6945    0,00    0,00    0,00    0,00    0,00     1  tester_getpid
10:23:38     1000      6946    0,00    0,00    0,00    0,00    0,00    12  tester_getpid
10:23:38     1000      6947    0,00    0,00    0,00    0,00    0,00    13  tester_getpid
10:23:38     1000      6948    0,00    0,00    0,00    0,00    0,00     9  tester_getpid
10:23:38     1000      6949    0,00    0,00    0,00    0,00    0,00     4  tester_getpid
10:23:38     1000      6950    0,00    0,00    0,00    0,00    0,00    14  tester_getpid

10:23:38      UID       PID    %usr %system  %guest   %wait    %CPU   CPU  Command
10:23:39     1000      6918    0,00    0,00    0,00    0,00    0,00     3  tester_getpid
10:23:39     1000      6919    0,00    0,00    0,00    0,00    0,00     0  tester_getpid
10:23:39     1000      6920    0,00    0,00    0,00    0,00    0,00     6  tester_getpid
10:23:39     1000      6921    0,00    0,00    0,00    0,00    0,00    10  tester_getpid
10:23:39     1000      6922    0,00    0,00    0,00    0,00    0,00     7  tester_getpid
10:23:39     1000      6923    0,00    0,00    0,00    0,00    0,00    15  tester_getpid
10:23:39     1000      6924    0,00    0,00    0,00    0,00    0,00     8  tester_getpid
10:23:39     1000      6925    0,00    0,00    0,00    0,00    0,00     9  tester_getpid
10:23:39     1000      6926    0,00    0,00    0,00    0,00    0,00     0  tester_getpid
10:23:39     1000      6927    0,00    0,00    0,00    0,00    0,00    12  tester_getpid
10:23:39     1000      6928    0,00    0,00    0,00    0,00    0,00    13  tester_getpid
10:23:39     1000      6929    0,00    0,00    0,00    0,00    0,00     3  tester_getpid
10:23:39     1000      6930    0,00    0,00    0,00    0,00    0,00    15  tester_getpid
10:23:39     1000      6931    0,00    0,00    0,00    0,00    0,00     9  tester_getpid
10:23:39     1000      6932    0,00    0,00    0,00    0,00    0,00     6  tester_getpid
10:23:39     1000      6933    0,00    0,00    0,00    0,00    0,00    12  tester_getpid
10:23:39     1000      6935    0,00    0,00    0,00    0,00    0,00    15  tester_getpid
10:23:39     1000      6936    0,00    0,00    0,00    0,00    0,00     5  tester_getpid
10:23:39     1000      6937    0,00    0,00    0,00    0,00    0,00    15  tester_getpid
10:23:39     1000      6938    0,00    0,00    0,00    0,00    0,00     6  tester_getpid
10:23:39     1000      6939    0,00    0,00    0,00    0,00    0,00    10  tester_getpid
10:23:39     1000      6940    0,00    0,00    0,00    0,00    0,00     0  tester_getpid
10:23:39     1000      6941    0,00    0,00    0,00    0,00    0,00     8  tester_getpid
10:23:39     1000      6942    0,00    0,00    0,00    0,00    0,00    15  tester_getpid
10:23:39     1000      6943    0,00    0,00    0,00    0,00    0,00     6  tester_getpid
10:23:39     1000      6944    0,00    0,00    0,00    0,00    0,00     4  tester_getpid
10:23:39     1000      6945    0,00    0,00    0,00    0,00    0,00     1  tester_getpid
10:23:39     1000      6946    0,00    0,00    0,00    0,00    0,00    12  tester_getpid
10:23:39     1000      6947    0,00    0,00    0,00    0,00    0,00    13  tester_getpid
10:23:39     1000      6948    0,00    0,00    0,00    0,00    0,00     9  tester_getpid
10:23:39     1000      6949    0,00    0,00    0,00    0,00    0,00     4  tester_getpid
10:23:39     1000      6950    0,00    0,00    0,00    0,00    0,00    14  tester_getpid

10:23:39      UID       PID    %usr %system  %guest   %wait    %CPU   CPU  Command
10:23:40     1000      6918    0,00    0,00    0,00    0,00    0,00     3  tester_getpid
10:23:40     1000      6919    0,00    0,00    0,00    0,00    0,00     0  tester_getpid
10:23:40     1000      6920    0,00    0,00    0,00    0,00    0,00     6  tester_getpid
10:23:40     1000      6921    0,00    0,00    0,00    0,00    0,00    10  tester_getpid
10:23:40     1000      6922    0,00    0,00    0,00    0,00    0,00     7  tester_getpid
10:23:40     1000      6923    0,00    0,00    0,00    0,00    0,00    15  tester_getpid
10:23:40     1000      6924    0,00    0,00    0,00    0,00    0,00     8  tester_getpid
10:23:40     1000      6925    0,00    0,00    0,00    0,00    0,00     9  tester_getpid
10:23:40     1000      6926    0,00    0,00    0,00    0,00    0,00     0  tester_getpid
10:23:40     1000      6927    0,00    0,00    0,00    0,00    0,00    12  tester_getpid
10:23:40     1000      6928    0,00    0,00    0,00    0,00    0,00    13  tester_getpid
10:23:40     1000      6929    0,00    0,00    0,00    0,00    0,00     3  tester_getpid
10:23:40     1000      6930    0,00    0,00    0,00    0,00    0,00    15  tester_getpid
10:23:40     1000      6931    0,00    0,00    0,00    0,00    0,00     9  tester_getpid
10:23:40     1000      6932    0,00    0,00    0,00    0,00    0,00     6  tester_getpid
10:23:40     1000      6933    0,00    0,00    0,00    0,00    0,00    12  tester_getpid
10:23:40     1000      6935    0,00    0,00    0,00    0,00    0,00    15  tester_getpid
10:23:40     1000      6936    0,00    0,00    0,00    0,00    0,00     5  tester_getpid
10:23:40     1000      6937    0,00    0,00    0,00    0,00    0,00    15  tester_getpid
10:23:40     1000      6938    0,00    0,00    0,00    0,00    0,00     6  tester_getpid
10:23:40     1000      6939    0,00    0,00    0,00    0,00    0,00    10  tester_getpid
10:23:40     1000      6940    0,00    0,00    0,00    0,00    0,00     0  tester_getpid
10:23:40     1000      6941    0,00    0,00    0,00    0,00    0,00     8  tester_getpid
10:23:40     1000      6942    0,00    0,00    0,00    0,00    0,00    15  tester_getpid
10:23:40     1000      6943    0,00    0,00    0,00    0,00    0,00     6  tester_getpid
10:23:40     1000      6944    0,00    0,00    0,00    0,00    0,00     4  tester_getpid
10:23:40     1000      6945    0,00    0,00    0,00    0,00    0,00     1  tester_getpid
10:23:40     1000      6946    0,00    0,00    0,00    0,00    0,00    12  tester_getpid
10:23:40     1000      6947    0,00    0,00    0,00    0,00    0,00    13  tester_getpid
10:23:40     1000      6948    0,00    0,00    0,00    0,00    0,00     9  tester_getpid
10:23:40     1000      6949    0,00    0,00    0,00    0,00    0,00     4  tester_getpid
10:23:40     1000      6950    0,00    0,00    0,00    0,00    0,00    14  tester_getpid

10:23:40      UID       PID    %usr %system  %guest   %wait    %CPU   CPU  Command
10:23:41     1000      6918    0,00    0,00    0,00    0,00    0,00     3  tester_getpid
10:23:41     1000      6919    0,00    0,00    0,00    0,00    0,00     0  tester_getpid
10:23:41     1000      6920    0,00    0,00    0,00    0,00    0,00     6  tester_getpid
10:23:41     1000      6921    0,00    0,00    0,00    0,00    0,00    10  tester_getpid
10:23:41     1000      6922    0,00    0,00    0,00    0,00    0,00    14  tester_getpid
10:23:41     1000      6923    0,00    0,00    0,00    0,00    0,00    15  tester_getpid
10:23:41     1000      6924    0,00    0,00    0,00    0,00    0,00     8  tester_getpid
10:23:41     1000      6925    0,00    0,00    0,00    0,00    0,00     9  tester_getpid
10:23:41     1000      6926    0,00    0,00    0,00    0,00    0,00     0  tester_getpid
10:23:41     1000      6927    0,00    0,00    0,00    0,00    0,00    12  tester_getpid
10:23:41     1000      6928    0,00    0,00    0,00    0,00    0,00    13  tester_getpid
10:23:41     1000      6929    0,00    0,00    0,00    0,00    0,00     3  tester_getpid
10:23:41     1000      6930    0,00    0,00    0,00    0,00    0,00    15  tester_getpid
10:23:41     1000      6931    0,00    0,00    0,00    0,00    0,00     9  tester_getpid
10:23:41     1000      6932    0,00    0,00    0,00    0,00    0,00     6  tester_getpid
10:23:41     1000      6933    0,00    0,00    0,00    0,00    0,00    12  tester_getpid
10:23:41     1000      6935    0,00    0,00    0,00    0,00    0,00    15  tester_getpid
10:23:41     1000      6936    0,00    0,00    0,00    0,00    0,00     5  tester_getpid
10:23:41     1000      6937    0,00    0,00    0,00    0,00    0,00    15  tester_getpid
10:23:41     1000      6938    0,00    0,00    0,00    0,00    0,00     6  tester_getpid
10:23:41     1000      6939    0,00    0,00    0,00    0,00    0,00    10  tester_getpid
10:23:41     1000      6940    0,00    0,00    0,00    0,00    0,00     0  tester_getpid
10:23:41     1000      6941    0,00    0,00    0,00    0,00    0,00     8  tester_getpid
10:23:41     1000      6942    0,00    0,00    0,00    0,00    0,00    15  tester_getpid
10:23:41     1000      6943    0,00    0,00    0,00    0,00    0,00     6  tester_getpid
10:23:41     1000      6944    0,00    0,00    0,00    0,00    0,00     4  tester_getpid
10:23:41     1000      6945    0,00    0,00    0,00    0,00    0,00     1  tester_getpid
10:23:41     1000      6946    0,00    0,00    0,00    0,00    0,00    12  tester_getpid
10:23:41     1000      6947    0,00    0,00    0,00    0,00    0,00    13  tester_getpid
10:23:41     1000      6948    0,00    0,00    0,00    0,00    0,00     9  tester_getpid
10:23:41     1000      6949    0,00    0,00    0,00    0,00    0,00     4  tester_getpid
10:23:41     1000      6950    0,00    0,00    0,00    0,00    0,00    14  tester_getpid

10:23:41      UID       PID    %usr %system  %guest   %wait    %CPU   CPU  Command
10:23:42     1000      6918    0,00    0,00    0,00    0,00    0,00     3  tester_getpid
10:23:42     1000      6919    0,00    0,00    0,00    0,00    0,00     0  tester_getpid
10:23:42     1000      6920    0,00    0,00    0,00    0,00    0,00     6  tester_getpid
10:23:42     1000      6921    0,00    0,00    0,00    0,00    0,00    10  tester_getpid
10:23:42     1000      6922    0,00    0,00    0,00    0,00    0,00    14  tester_getpid
10:23:42     1000      6923    0,00    0,00    0,00    0,00    0,00    15  tester_getpid
10:23:42     1000      6924    0,00    0,00    0,00    0,00    0,00     8  tester_getpid
10:23:42     1000      6925    0,00    0,00    0,00    0,00    0,00     3  tester_getpid
10:23:42     1000      6926    0,00    0,00    0,00    0,00    0,00     0  tester_getpid
10:23:42     1000      6927    0,00    0,00    0,00    0,00    0,00    12  tester_getpid
10:23:42     1000      6928    0,00    0,00    0,00    0,00    0,00    13  tester_getpid
10:23:42     1000      6929    0,00    0,00    0,00    0,00    0,00     3  tester_getpid
10:23:42     1000      6930    0,00    0,00    0,00    0,00    0,00    15  tester_getpid
10:23:42     1000      6931    0,00    0,00    0,00    0,00    0,00     9  tester_getpid
10:23:42     1000      6932    0,00    0,00    0,00    0,00    0,00     6  tester_getpid
10:23:42     1000      6933    0,00    0,00    0,00    0,00    0,00    12  tester_getpid
10:23:42     1000      6935    0,00    0,00    0,00    0,00    0,00    15  tester_getpid
10:23:42     1000      6936    0,00    0,00    0,00    0,00    0,00     5  tester_getpid
10:23:42     1000      6937    0,00    0,00    0,00    0,00    0,00    15  tester_getpid
10:23:42     1000      6938    0,00    0,00    0,00    0,00    0,00     6  tester_getpid
10:23:42     1000      6939    0,00    0,00    0,00    0,00    0,00    10  tester_getpid
10:23:42     1000      6940    0,00    0,00    0,00    0,00    0,00     0  tester_getpid
10:23:42     1000      6941    0,00    0,00    0,00    0,00    0,00     8  tester_getpid
10:23:42     1000      6942    0,00    0,00    0,00    0,00    0,00    15  tester_getpid
10:23:42     1000      6943    0,00    0,00    0,00    0,00    0,00     6  tester_getpid
10:23:42     1000      6944    0,00    0,00    0,00    0,00    0,00     4  tester_getpid
10:23:42     1000      6945    0,00    0,00    0,00    0,00    0,00     1  tester_getpid
10:23:42     1000      6946    0,00    0,00    0,00    0,00    0,00    12  tester_getpid
10:23:42     1000      6947    0,00    0,00    0,00    0,00    0,00    13  tester_getpid
10:23:42     1000      6948    0,00    0,00    0,00    0,00    0,00     9  tester_getpid
10:23:42     1000      6949    0,00    0,00    0,00    0,00    0,00     4  tester_getpid
10:23:42     1000      6950    0,00    0,00    0,00    0,00    0,00    14  tester_getpid

10:23:42      UID       PID    %usr %system  %guest   %wait    %CPU   CPU  Command
10:23:43     1000      6918    0,00    0,00    0,00    0,00    0,00     3  tester_getpid
10:23:43     1000      6919    0,00    0,00    0,00    0,00    0,00     0  tester_getpid
10:23:43     1000      6920    0,00    0,00    0,00    0,00    0,00     6  tester_getpid
10:23:43     1000      6921    0,00    0,00    0,00    0,00    0,00    10  tester_getpid
10:23:43     1000      6922    0,00    0,00    0,00    0,00    0,00    14  tester_getpid
10:23:43     1000      6923    0,00    0,00    0,00    0,00    0,00    15  tester_getpid
10:23:43     1000      6924    0,00    0,00    0,00    0,00    0,00     8  tester_getpid
10:23:43     1000      6925    0,00    0,00    0,00    0,00    0,00     3  tester_getpid
10:23:43     1000      6926    0,00    0,00    0,00    0,00    0,00     0  tester_getpid
10:23:43     1000      6927    0,00    0,00    0,00    0,00    0,00    12  tester_getpid
10:23:43     1000      6928    0,00    0,00    0,00    0,00    0,00    13  tester_getpid
10:23:43     1000      6929    0,00    0,00    0,00    0,00    0,00     3  tester_getpid
10:23:43     1000      6930    0,00    0,00    0,00    0,00    0,00    13  tester_getpid
10:23:43     1000      6931    0,00    0,00    0,00    0,00    0,00     9  tester_getpid
10:23:43     1000      6932    0,00    0,00    0,00    0,00    0,00     6  tester_getpid
10:23:43     1000      6933    0,00    0,00    0,00    0,00    0,00    12  tester_getpid
10:23:43     1000      6935    0,00    0,00    0,00    0,00    0,00    15  tester_getpid
10:23:43     1000      6936    0,00    0,00    0,00    0,00    0,00     5  tester_getpid
10:23:43     1000      6937    0,00    0,00    0,00    0,00    0,00    15  tester_getpid
10:23:43     1000      6938    0,00    0,00    0,00    0,00    0,00     6  tester_getpid
10:23:43     1000      6939    0,00    0,00    0,00    0,00    0,00    10  tester_getpid
10:23:43     1000      6940    0,00    0,00    0,00    0,00    0,00     0  tester_getpid
10:23:43     1000      6941    0,00    0,00    0,00    0,00    0,00     8  tester_getpid
10:23:43     1000      6942    0,00    0,00    0,00    0,00    0,00     9  tester_getpid
10:23:43     1000      6943    0,00    0,00    0,00    0,00    0,00     6  tester_getpid
10:23:43     1000      6944    0,00    0,00    0,00    0,00    0,00     4  tester_getpid
10:23:43     1000      6945    0,00    0,00    0,00    0,00    0,00     1  tester_getpid
10:23:43     1000      6946    0,00    0,00    0,00    0,00    0,00    12  tester_getpid
10:23:43     1000      6947    0,00    0,00    0,00    0,00    0,00    13  tester_getpid
10:23:43     1000      6948    0,00    0,00    0,00    0,00    0,00     9  tester_getpid
10:23:43     1000      6949    0,00    0,00    0,00    0,00    0,00     4  tester_getpid
10:23:43     1000      6950    0,00    0,00    0,00    0,00    0,00    14  tester_getpid

10:23:43      UID       PID    %usr %system  %guest   %wait    %CPU   CPU  Command
10:23:44     1000      6918    0,00    0,00    0,00    0,00    0,00     3  tester_getpid
10:23:44     1000      6919    0,00    0,00    0,00    0,00    0,00     0  tester_getpid
10:23:44     1000      6920    0,00    0,00    0,00    0,00    0,00     6  tester_getpid
10:23:44     1000      6921    0,00    0,00    0,00    0,00    0,00    10  tester_getpid
10:23:44     1000      6922    0,00    0,00    0,00    0,00    0,00    14  tester_getpid
10:23:44     1000      6923    0,00    0,00    0,00    0,00    0,00    15  tester_getpid
10:23:44     1000      6924    0,00    0,00    0,00    0,00    0,00     8  tester_getpid
10:23:44     1000      6925    0,00    0,00    0,00    0,00    0,00     3  tester_getpid
10:23:44     1000      6926    0,00    0,00    0,00    0,00    0,00     0  tester_getpid
10:23:44     1000      6927    0,00    0,00    0,00    0,00    0,00    12  tester_getpid
10:23:44     1000      6928    0,00    0,00    0,00    0,00    0,00    13  tester_getpid
10:23:44     1000      6929    0,00    0,00    0,00    0,00    0,00     3  tester_getpid
10:23:44     1000      6930    0,00    0,00    0,00    0,00    0,00    13  tester_getpid
10:23:44     1000      6931    0,00    0,00    0,00    0,00    0,00     9  tester_getpid
10:23:44     1000      6932    0,00    0,00    0,00    0,00    0,00     6  tester_getpid
10:23:44     1000      6933    0,00    0,00    0,00    0,00    0,00    12  tester_getpid
10:23:44     1000      6935    0,00    0,00    0,00    0,00    0,00    15  tester_getpid
10:23:44     1000      6936    0,00    0,00    0,00    0,00    0,00     5  tester_getpid
10:23:44     1000      6937    0,00    0,00    0,00    0,00    0,00    15  tester_getpid
10:23:44     1000      6938    0,00    0,00    0,00    0,00    0,00     6  tester_getpid
10:23:44     1000      6939    0,00    0,00    0,00    0,00    0,00    10  tester_getpid
10:23:44     1000      6940    0,00    0,00    0,00    0,00    0,00     0  tester_getpid
10:23:44     1000      6941    0,00    0,00    0,00    0,00    0,00     8  tester_getpid
10:23:44     1000      6942    0,00    0,00    0,00    0,00    0,00     9  tester_getpid
10:23:44     1000      6943    0,00    0,00    0,00    0,00    0,00     6  tester_getpid
10:23:44     1000      6944    0,00    0,00    0,00    0,00    0,00     4  tester_getpid
10:23:44     1000      6945    0,00    0,00    0,00    0,00    0,00    10  tester_getpid
10:23:44     1000      6946    0,00    0,00    0,00    0,00    0,00    12  tester_getpid
10:23:44     1000      6947    0,00    0,00    0,00    0,00    0,00    13  tester_getpid
10:23:44     1000      6948    0,00    0,00    0,00    0,00    0,00     9  tester_getpid
10:23:44     1000      6949    0,00    0,00    0,00    0,00    0,00     4  tester_getpid
10:23:44     1000      6950    0,00    0,00    0,00    0,00    0,00    14  tester_getpid

Media:        UID       PID    %usr %system  %guest   %wait    %CPU   CPU  Command
Media:       1000      6918    0,00    0,00    0,00    0,00    0,00     -  tester_getpid
Media:       1000      6919    0,00    0,00    0,00    0,00    0,00     -  tester_getpid
Media:       1000      6920    0,00    0,00    0,00    0,00    0,00     -  tester_getpid
Media:       1000      6921    0,00    0,00    0,00    0,00    0,00     -  tester_getpid
Media:       1000      6922    0,00    0,00    0,00    0,00    0,00     -  tester_getpid
Media:       1000      6923    0,00    0,00    0,00    0,00    0,00     -  tester_getpid
Media:       1000      6924    0,00    0,00    0,00    0,00    0,00     -  tester_getpid
Media:       1000      6925    0,00    0,00    0,00    0,00    0,00     -  tester_getpid
Media:       1000      6926    0,00    0,00    0,00    0,00    0,00     -  tester_getpid
Media:       1000      6927    0,00    0,00    0,00    0,00    0,00     -  tester_getpid
Media:       1000      6928    0,00    0,00    0,00    0,00    0,00     -  tester_getpid
Media:       1000      6929    0,00    0,00    0,00    0,00    0,00     -  tester_getpid
Media:       1000      6930    0,00    0,00    0,00    0,00    0,00     -  tester_getpid
Media:       1000      6931    0,00    0,00    0,00    0,00    0,00     -  tester_getpid
Media:       1000      6932    0,00    0,00    0,00    0,00    0,00     -  tester_getpid
Media:       1000      6933    0,00    0,00    0,00    0,00    0,00     -  tester_getpid
Media:       1000      6935    0,00    0,00    0,00    0,00    0,00     -  tester_getpid
Media:       1000      6936    0,00    0,00    0,00    0,00    0,00     -  tester_getpid
Media:       1000      6937    0,00    0,00    0,00    0,00    0,00     -  tester_getpid
Media:       1000      6938    0,00    0,00    0,00    0,00    0,00     -  tester_getpid
Media:       1000      6939    0,00    0,00    0,00    0,00    0,00     -  tester_getpid
Media:       1000      6940    0,00    0,00    0,00    0,00    0,00     -  tester_getpid
Media:       1000      6941    0,00    0,00    0,00    0,00    0,00     -  tester_getpid
Media:       1000      6942    0,00    0,00    0,00    0,00    0,00     -  tester_getpid
Media:       1000      6943    0,00    0,00    0,00    0,00    0,00     -  tester_getpid
Media:       1000      6944    0,00    0,00    0,00    0,00    0,00     -  tester_getpid
Media:       1000      6945    0,00    0,00    0,00    0,00    0,00     -  tester_getpid
Media:       1000      6946    0,00    0,00    0,00    0,00    0,00     -  tester_getpid
Media:       1000      6947    0,00    0,00    0,00    0,00    0,00     -  tester_getpid
Media:       1000      6948    0,00    0,00    0,00    0,00    0,00     -  tester_getpid
Media:       1000      6949    0,00    0,00    0,00    0,00    0,00     -  tester_getpid
Media:       1000      6950    0,00    0,00    0,00    0,00    0,00     -  tester_getpid
