Linux 6.17.0-19-generic (ale-VM) 	15/03/2026 	_x86_64_	(16 CPU)

09:57:22      UID       PID    %usr %system  %guest   %wait    %CPU   CPU  Command
09:57:23     1000      5351    0,00    0,00    0,00    0,00    0,00     6  tester_getpid
09:57:24     1000      5351    0,00    0,00    0,00    0,00    0,00     6  tester_getpid
09:57:25     1000      5351    0,00    0,00    0,00    0,00    0,00     6  tester_getpid
09:57:26     1000      5351    0,00    0,00    0,00    0,00    0,00     6  tester_getpid
09:57:27     1000      5351    0,00    0,00    0,00    0,00    0,00     6  tester_getpid
09:57:28     1000      5351    0,00    0,00    0,00    0,00    0,00     6  tester_getpid
09:57:29     1000      5351    0,00    0,00    0,00    0,00    0,00     6  tester_getpid
09:57:30     1000      5351    0,00    0,00    0,00    0,00    0,00     6  tester_getpid
09:57:31     1000      5351    0,00    0,00    0,00    0,00    0,00     6  tester_getpid
09:57:32     1000      5351    0,00    0,00    0,00    0,00    0,00     6  tester_getpid
Media:       1000      5351    0,00    0,00    0,00    0,00    0,00     -  tester_getpid
