Linux 6.17.0-19-generic (ale-VM) 	15/03/2026 	_x86_64_	(16 CPU)

10:22:09      UID       PID    %usr %system  %guest   %wait    %CPU   CPU  Command
10:22:10     1000      6366    0,00    0,00    0,00    0,00    0,00    12  tester_getpid
10:22:11     1000      6366    0,00    0,00    0,00    0,00    0,00    12  tester_getpid
10:22:12     1000      6366    0,00    0,00    0,00    0,00    0,00    12  tester_getpid
10:22:13     1000      6366    0,00    0,00    0,00    0,00    0,00    12  tester_getpid
10:22:14     1000      6366    0,00    0,00    0,00    0,00    0,00    12  tester_getpid
10:22:15     1000      6366    0,00    0,00    0,00    0,00    0,00    12  tester_getpid
10:22:16     1000      6366    0,00    0,00    0,00    0,00    0,00    12  tester_getpid
10:22:17     1000      6366    0,00    0,00    0,00    0,00    0,00    12  tester_getpid
10:22:18     1000      6366    0,00    0,00    0,00    0,00    0,00    12  tester_getpid
10:22:19     1000      6366    0,00    0,00    0,00    0,00    0,00    12  tester_getpid
Media:       1000      6366    0,00    0,00    0,00    0,00    0,00     -  tester_getpid
