Linux 6.17.0-19-generic (ale-VM) 	15/03/2026 	_x86_64_	(16 CPU)

11:44:33      UID       PID    %usr %system  %guest   %wait    %CPU   CPU  Command
11:44:34     1000      5269    0,00    0,00    0,00    0,00    0,00     4  tester_getpid
11:44:35     1000      5269    0,00    0,00    0,00    0,00    0,00     4  tester_getpid
11:44:36     1000      5269    0,00    0,00    0,00    0,00    0,00     4  tester_getpid
11:44:37     1000      5269    0,00    0,00    0,00    0,00    0,00     4  tester_getpid
11:44:38     1000      5269    0,00    0,00    0,00    0,00    0,00     4  tester_getpid
11:44:39     1000      5269    0,00    0,00    0,00    0,00    0,00     4  tester_getpid
11:44:40     1000      5269    0,00    0,00    0,00    0,00    0,00     4  tester_getpid
11:44:41     1000      5269    0,00    0,00    0,00    0,00    0,00     4  tester_getpid
11:44:42     1000      5269    0,00    0,00    0,00    0,00    0,00     4  tester_getpid
11:44:43     1000      5269    0,00    0,00    0,00    0,00    0,00     4  tester_getpid
Media:       1000      5269    0,00    0,00    0,00    0,00    0,00     -  tester_getpid
